#/workspace/Tesi/Esempi-commentati/Pipelines-Antennas/Graph-generator.py
# GMT Tue Feb  9 09:22:12 2021
# 
0 2 5 7 11 12 13 14 17 21 24 26 27 29
1 3 4 6 9 12 13 14 16 18 22 23 24 26
2 4 8 9 13 18 19 28
3 4 8 10 16 24 29
4 8 9 11 15 18 20 22 23 24 25 28 29
5 6 8 10 14 19 24
6 7 11 13 21 24 28
7 13 17 18 21 24 25
8 11 12
9 12 18 19 27
10 13 24 26 27
11 12 13 16 19 23 26 28
12 14 16 17 18 20 26
13 16 18 21 22 25 28
14 18 19 21 24 26
15 16 26 28
16 21 22 25 28 29
17 19 24 27
18 21 24 26 29
19 22 23 24 25 26 29
20 21 27 28
21 25
22 28
23
24
25
26 29
27
28
29
